13.919653
13.919653
13.919653
13.718737
13.248272
13.248272
13.919653
13.919653
13.919653
13.919653
13.919653
13.919653
13.919653
13.919653
13.914665
13.919653
13.919652
13.919653
13.919653
13.919653
13.919653
12.594816
13.919653
13.919653
13.919653
13.919653
13.919653
13.919653
13.919653
13.247619
13.919653
13.919653
13.248272
13.919652
13.919653
13.919653
13.919653
13.919653
13.919653
12.272357
13.919653
13.919653
13.919653
13.919648
13.919653
13.919653
13.919653
13.248254
13.919653
13.919653
13.919653
13.919653
13.248272
13.919653
13.919653
13.919653
13.919653
13.919653
13.919653
13.919653
13.919653
13.248272
13.919653
13.919653
13.919653
13.919653
13.919653
13.919653
13.919653
13.248272
13.248272
13.919653
13.919653
13.919653
13.919653
